1       0       1       1       -0.72
1       0       2       2       -0.72
1       0       3       3       -0.72
1       0       4       4       -0.72
-1      0       1       1       -0.72
-1      0       2       2       -0.72
-1      0       3       3       -0.72
-1      0       4       4       -0.72
0       0       1       1       1.35
0       0       2       2       1.35
0       0       3       3       1.35
0       0       4       4       1.35
1       0       5       5       0.3
1       0       6       6       0.3
-1      0       5       5       0.3
-1      0       6       6       0.3
0       0       5       5       -0.36
0       0       6       6       -0.36
0       0       1       5       0.035
1       0       1       5       -0.035
0       0       2       5       0.035
1       0       2       5       -0.035
0       0       3       6       0.035
-1      0       3       6       -0.035
0       0       4       6       0.035
-1      0       4       6       -0.035
0       0       5       6       -0.03
-1      0       5       6       -0.03
0       -1      5       6       -0.03
-1      -1      5       6       -0.03
0       -1      1       4       0.02
1       -1      1       4       0.02
0       0       2       3       0.02
1       0       2       3       0.02
-1      1       4       5       0.04
1       1       4       5       -0.04
-1      0       3       5       0.04
1       0       3       5       -0.04
1       0       2       6       0.04
-1      0       2       6       -0.04
1       -1      1       6       0.04
-1      -1      1       6       -0.04