29.856459330143537 3.9367469879518078
31.57894736842107 3.8765060240963862
33.8755980861244 3.801204819277109
35.59808612440193 3.7409638554216875
37.89473684210526 3.6656626506024104
39.61722488038279 3.590361445783133
41.3397129186603 3.560240963855422
44.21052631578948 3.515060240963856
47.08133971291866 3.439759036144579
49.37799043062199 3.3644578313253017
50.52631578947367 3.3192771084337354
51.67464114832535 3.274096385542169
53.97129186602871 3.2289156626506026
55.119617224880386 3.198795180722892
58.564593301435394 3.1385542168674703
59.13875598086125 3.1234939759036147
62.00956937799043 3.0783132530120483
63.73205741626796 3.0481927710843375
66.02870813397132 2.987951807228916
69.47368421052633 2.897590361445783
71.19617224880383 2.8524096385542173
73.49282296650719 2.807228915662651
79.23444976076556 2.566265060240964
76.36363636363637 2.6566265060240966
76.9377990430622 2.716867469879518
82.10526315789471 2.506024096385543
83.82775119617224 2.4307228915662655
84.40191387559807 2.4006024096385543
86.1244019138756 2.3102409638554224
86.69856459330143 2.265060240963856
87.8468899521531 2.2048192771084345
88.42105263157896 2.159638554216868
89.56937799043064 2.129518072289157
91.866028708134 2.0692771084337354
94.73684210526315 1.9789156626506026
97.03349282296651 1.9337349397590362
98.75598086124404 1.8584337349397595
99.90430622009572 1.8132530120481922
101.6267942583732 1.7379518072289155
103.34928229665073 1.6325301204819285
104.4976076555024 1.5873493975903612
106.22009569377991 1.5421686746987957
109.66507177033492 1.4819277108433742
111.38755980861245 1.346385542168675
113.11004784688996 1.2710843373493983
115.40669856459331 1.1807228915662655
118.2775119617225 1.105421686746988
121.72248803827753 1
123.44497607655504 0.9246987951807224
125.74162679425837 0.8644578313253009
129.1866028708134 0.7891566265060241
130.90909090909093 0.7289156626506026
132.63157894736844 0.653614457831325
134.92822966507177 0.5933734939759034
137.79904306220098 0.4879518072289155
140.66985645933016 0.39759036144578364
144.68899521531102 0.27710843373493965
148.13397129186603 0.17168674698795172
153.8755980861244 0.08132530120481896
159.04306220095697 -0.024096385542168974
160.19138755980862 -0.03915662650602503
164.21052631578948 -0.15963855421686723
166.50717703349284 -0.21987951807228878
168.22966507177034 -0.25
171.1004784688995 -0.2951807228915664
173.39712918660285 -0.35542168674698793
176.26794258373207 -0.38554216867469915
179.13875598086122 -0.46084337349397586
182.58373205741628 -0.5060240963855422
185.4545454545455 -0.5512048192771077
186.60287081339715 -0.5662650602409638
188.32535885167465 -0.6114457831325302
190.622009569378 -0.6415662650602405
193.49282296650722 -0.6867469879518078
195.21531100478472 -0.7469879518072293
197.51196172248802 -0.7771084337349405
199.80861244019138 -0.822289156626506
201.53110047846894 -0.8524096385542164
203.8277511961723 -0.9126506024096388
205.55023923444975 -0.927710843373494
207.2727272727273 -0.9578313253012052
211.86602870813397 -1.0030120481927707
213.01435406698562 -1.033132530120482
216.45933014354068 -1.0783132530120483
217.60765550239233 -1.0933734939759034
219.9043062200957 -1.1234939759036147
223.3492822966507 -1.168674698795181
226.79425837320576 -1.1987951807228923
226.79425837320576 -1.2138554216867474
230.23923444976077 -1.2439759036144586
231.38755980861242 -1.274096385542169
233.68421052631578 -1.3042168674698793
237.7033492822967 -1.379518072289157
240 -1.394578313253012
244.59330143540672 -1.4397590361445793
248.03827751196172 -1.4849397590361448
250.90909090909093 -1.5150602409638552
253.7799043062201 -1.5602409638554224
256.07655502392345 -1.605421686746988
258.3732057416268 -1.6355421686746983
264.1148325358852 -1.725903614457831
265.2631578947368 -1.740963855421688
262.96650717703346 -1.6957831325301207
264.1148325358852 -1.6656626506024104
268.7081339712919 -1.725903614457831
271.5789473684211 -1.7710843373493965
274.44976076555025 -1.7861445783132535
279.04306220095697 -1.8463855421686741
281.33971291866027 -1.8765060240963862
284.78468899521533 -1.9216867469879517
288.8038277511962 -1.966867469879519
290.5263157894737 -1.9969879518072293
292.82296650717706 -2.0271084337349397
295.1196172248804 -2.0572289156626518
296.84210526315786 -2.072289156626505
299.7129186602871 -2.1174698795180724
303.15789473684214 -2.1475903614457827
307.177033492823 -2.2228915662650603
308.8995215311005 -2.2530120481927707
310.622009569378 -2.283132530120483
314.6411483253589 -2.313253012048193
316.3636363636364 -2.3433734939759034
319.8086124401914 -2.3885542168674707
320.9569377990431 -2.3885542168674707
322.10526315789474 -2.418674698795181
324.4019138755981 -2.4638554216867465
327.2727272727273 -2.509036144578312
328.9952153110048 -2.509036144578312
335.31100478468903 -2.554216867469881
337.6076555023924 -2.5993975903614466
342.20095693779905 -2.6144578313253017
346.22009569377997 -2.629518072289157
351.3875598086124 -2.659638554216869
355.40669856459334 -2.674698795180724
359.4258373205742 -2.7048192771084345
361.1483253588517 -2.7198795180722897
365.74162679425837 -2.7349397590361466
369.18660287081343 -2.7198795180722897
373.2057416267943 -2.7198795180722897
379.5215311004785 -2.765060240963855
383.5406698564593 -2.780120481927712
389.8564593301436 -2.780120481927712
395.59808612440196 -2.8253012048192776
396.1722488038278 -2.8102409638554207
399.04306220095697 -2.7951807228915673
403.06220095693783 -2.8102409638554207
404.7846889952154 -2.7951807228915673
408.80382775119614 -2.7951807228915673
413.39712918660285 -2.7951807228915673
416.842105263158 -2.8102409638554207
420.86124401913884 -2.8102409638554207
424.8803827751196 -2.8253012048192776
430.622009569378 -2.8554216867469897
436.36363636363643 -2.8253012048192776
440.95693779904303 -2.870481927710843
443.25358851674645 -2.870481927710843
448.421052631579 -2.900602409638555
452.4401913875599 -2.8855421686746983
456.4593301435406 -2.900602409638555
459.3301435406699 -2.900602409638555
463.9234449760766 -2.9156626506024104
464.49760765550246 -2.9156626506024104
466.79425837320576 -2.9156626506024104
471.9617224880382 -2.9307228915662655
475.9808612440192 -2.900602409638555
477.70334928229664 -2.900602409638555
482.29665071770336 -2.900602409638555
486.8899521531101 -2.900602409638555
492.6315789473684 -2.900602409638555
496.65071770334936 -2.9156626506024104
501.2440191387561 -2.9156626506024104
505.26315789473693 -2.900602409638555
508.1339712918661 -2.9156626506024104
511.5789473684211 -2.9156626506024104
516.7464114832537 -2.9156626506024104
521.3397129186603 -2.9156626506024104
525.3588516746411 -2.900602409638555
528.2296650717703 -2.900602409638555
537.4162679425838 -2.960843373493976
531.6746411483255 -2.9307228915662655
540.8612440191387 -2.9307228915662655
545.4545454545455 -2.9457831325301207
550.0478468899521 -2.960843373493976
