29.856459330143537 3.6506024096385548
32.72727272727275 3.560240963855422
34.44976076555025 3.515060240963856
37.320574162679435 3.454819277108434
39.04306220095694 3.4096385542168677
41.3397129186603 3.334337349397591
43.636363636363654 3.2891566265060246
46.50717703349284 3.198795180722892
48.80382775119617 3.1385542168674703
51.67464114832535 3.063253012048193
55.119617224880386 3.003012048192771
58.564593301435394 2.9728915662650603
62.00956937799043 2.897590361445783
65.45454545454547 2.8373493975903616
69.47368421052633 2.7771084337349397
73.49282296650719 2.701807228915663
77.51196172248805 2.6415662650602414
82.6794258373206 2.5512048192771086
86.69856459330143 2.4307228915662655
91.866028708134 2.280120481927711
97.03349282296651 2.144578313253012
99.33014354066984 2.0843373493975905
102.20095693779905 1.9789156626506026
105.64593301435409 1.8433734939759034
107.94258373205744 1.7530120481927707
113.68421052631581 1.572289156626507
118.2775119617225 1.3915662650602414
123.44497607655504 1.225903614457831
128.03827751196172 1.0903614457831328
133.2057416267943 0.9096385542168681
138.94736842105266 0.7740963855421681
141.24401913875602 0.7138554216867465
144.11483253588517 0.6084337349397595
149.85645933014354 0.4879518072289155
152.72727272727275 0.3825301204819276
156.7464114832536 0.2921686746987948
159.04306220095697 0.23192771084337327
163.63636363636363 0.11144578313252929
167.0813397129187 0.05120481927710774
171.1004784688995 0.006024096385542244
174.54545454545456 -0.06927710843373447
177.41626794258377 -0.15963855421686723
180.28708133971293 -0.20481927710843362
184.88038277511964 -0.2951807228915664
188.32535885167465 -0.35542168674698793
191.19617224880386 -0.38554216867469915
195.21531100478472 -0.4457831325301207
199.23444976076559 -0.4909638554216862
201.53110047846894 -0.5210843373493974
206.12440191387566 -0.596385542168675
209.56937799043067 -0.6265060240963862
211.29186602870817 -0.6716867469879517
214.73684210526318 -0.701807228915662
218.1818181818182 -0.7469879518072293
222.20095693779905 -0.7921686746987948
225.64593301435406 -0.822289156626506
227.94258373205741 -0.8674698795180724
231.96172248803828 -0.9126506024096388
237.7033492822967 -0.9728915662650603
242.8708133971292 -1.048192771084338
245.74162679425842 -1.048192771084338
250.33492822966508 -1.1084337349397595
256.07655502392345 -1.168674698795181
258.3732057416268 -1.1837349397590362
261.81818181818187 -1.2289156626506035
266.41148325358853 -1.2590361445783138
271.5789473684211 -1.2891566265060241
276.1722488038278 -1.3343373493975896
280.7655502392344 -1.3644578313253017
284.2105263157895 -1.4096385542168672
288.22966507177034 -1.4246987951807224
292.2488038277512 -1.4548192771084345
295.69377990430627 -1.4849397590361448
299.7129186602871 -1.5
303.15789473684214 -1.5150602409638552
307.75119617224885 -1.5451807228915673
311.7703349282297 -1.5903614457831328
314.0669856459331 -1.605421686746988
317.511961722488 -1.6355421686746983
320.38277511961724 -1.6506024096385552
323.25358851674645 -1.6807228915662655
327.2727272727273 -1.7108433734939759
330.1435406698565 -1.725903614457831
333.58851674641147 -1.740963855421688
336.4593301435407 -1.7560240963855431
338.75598086124404 -1.7861445783132535
344.4976076555024 -1.831325301204819
347.36842105263156 -1.8463855421686741
352.53588516746413 -1.8463855421686741
342.7751196172249 -1.8012048192771086
